*011
*012
*013
*014
*015
*COMBI
*DISCOUNTAM TOK
*DISCOUNTAM WAY
*FREIGHTTOKH
*FREIGHTWAYNE
*INSPECTIONFEE
*INSURANCECOST
*KT
*KT & EASY ASSY
*LEGALISEFEE
*LETTEROFCREDIT
*MOV
*PRODUCTSHIPTAX
*SHIPPINGCHARGE
*SHIPTAXRATE
*SPECIALPACKAGE
*WARRANTY TOKH
*WARRANTY WAYNE
*WFI
*WVB
*Z710267
*Z710268
*Z710269
*Z710270
*Z710273
*Z710274
*Z710275
*Z710276
*Z710277
*Z710278
*Z710279
*Z710280
*Z710281
*Z710282
*Z710283
0000.0037
0000.0038
0000.0039
0000.0040
0000.0041
0000.0042
0000.0043
0000.0044
0000.0045
0000.0046
0000.0047
0000.0048
0001.0136
0001.0842
001-121394
001-171732
001-171879
001-171880
001-171881
001-171882
001-173245
001-173308
001-551343
001-850000
0011.0013
002-551340
002-551343
003-551313
004-551083
004-551263
005-551028
008-273416
009-273416
009-850000
010-850000
011-850000
013-471417C
014-850000
01420004
016-850000
017-850000
018-850000
022-850000
024-850000
025-850000
026-850000
029-850000
030-850000
035396
035429
038-850000
0380.7050
038000
041-850000
042-850000
043-850000
045-850000
046-850000
049-850000
051-850000
052-850000
054-850000
055-850000
056-850000
057-850000
0801.2246
0885030000
1001.0175
1001.0413
1001.0599
1001.0743
1001.1007
10011242
10011256
10011294
10011295
10011800
10011810
10011820
10012286
10012293
10012294
10012353
10013414
10013415
10014972
10014990
10015010
10015011
10015012
10015013
10015014
10015015
10015016
10015017
10015018
10015019
10015020
10015021
10015023
10015024
10015025
10015026
10015027
10015029
10015030
10015055
10016009
10016010
10016011
10016012
10016013
10016014
10016015
10016016
10016017
10016018
10016019
10016020
10016022
10016023
10016026
10016028
10016029
10016030
10016032
10024060
10028140
10028150
10042660
10042663
10080902
10080906
1011.0019
1041.2025
1041.2049
1041.2058
11000922
1155
1281.0304
1402421
140764586
1413402
1417480
14321453
1448080
153102
1532930
15351939
15373031
153861
1544283
1544457
154530A
155188
1583091
159609
160292
162580
165250/007
165251/007
165608
167492
169993/002
171257
174119/001
174120/001
174472/914
1770037233
1850.2203
1850.2204
1850.2212
185471
185472
1900.0102
1900.1800
1960.0824
20424
21-2019561
21234813
21268029
22-478553
229255
230-01-003
230-01-004
230541
231963
232130
234-03-078
25-0387650
25035760
25070536
25203472
25235625
262833
262835
262837
262839
262844
262845
262846
262849
262850
263067
27069
27162
27427
27828
27829
27830
300022
300023
300050
300077
300079
300081
300082
3001.0303
300100
300104
300109
300114
300123
300124
300125
300127
300143
300145
300157
300169
300171
300173
300174
300175
300182
300222
300226
300243
300364
300365
300445
300484
300485
300513
300515
300523
300564
300626
300876
300920
300928
301004
301067
301080
301124
301177
3049.0050
3049.0070
3430.0113
4000.0031
401791
401824
4030.0001
4030.0002
4030.0003
4030.0004
4030.0005
4030.0006
4040.0001
4040.0002
4040.0003
4040.0004
4040.0005
4040.0006
4040.0007
4040.0008
4040.0009
4040.0010
4040.0011
4040.0012
4040.0013
4040.0015
4050.0001
4050.0002
4050.0003
4050.0004
4050.0005
4050.0006
4050.0007
4110.0001
4110.0002
4110.0003
4110.0004
4110.0005
4110.0006
4110.0007
4110.0008
4110.0009
4110.0010
4110.0011
4110.0012
4110.0013
4110.0014
4110.0015
4110.0016
4110.0017
4110.0020
4110.0021
4110.0022
4110.0023
4110.0024
4110.0025
4110.0027
4110.0046
4110.0047
4110.0048
4110.0050
4110.0051
4110.0052
4110.0053
4110.0054
4110.0055
4110.0057
4110.0058
4110.0059
4110.0060
4110.0062
4110.0063
4110.0064
4110.0066
4120.0019
4120.0020
4120.0021
4120.0022
4120.0023
4120.0024
4120.0025
4120.0026
4120.0027
4120.0031
4120.0036
4120.0039
41312409
42058
42059
42060
42061
42062
4310.2060
440008
440011
440160-001-9006
440197FOC
440206-022FOC
440206-024
440206-053FOC
440206FOC
440296-029
452092
452878
453019
500009
500010
500011
500012
500013
500014
500015
500016
500018
500034
500035
500057
500065
500067
500068
500073
500077
500078
500080
500100
500102
500103
500104
500105
500109
500114
500115
500116
500117
500118
500119
500147
500169
500170
500171
500173
500180
500181
500224
500245
500246
500272
500273
500279
500281
500282
500294
500323
500330
500331
500334
500335
500345
500352
500353
500354
500402
500541
500735
500736
500862
500867
500868
500871
500872
500994
501446
501447
501787
501789
501803
501828
501829
501958
501959
502017
502041
502062
502063
502064
502065
502070
502073
502163
502165
502210
502294
502316
502400
502402
502403
502404
503664
506368
506701
507138F08
507138F16
511322
511696
550002050000
550003580107
5506000004
5506000006
5506000007
5506000034
5506000039
5506000049
5506000052
5506000054
5506000055
5506000056
5506000081
5511000001
5511000002
5511000003
5511000005
5511000006
5511000008
5511000009
5511000010
5511000011
5511000013
5511000016
5511000017
5511000018
5511000019
5511000021
5511000022
5511000029
5511000030
5511000031
5511000033
5511000034
5511000036
5511000037
5511000046
5511000047
5511000048
5511000052
5511000055
5511000059
5511000093
5511000095
5511000096
5511000102
5511000109
5511000118
5511000119
5511000120
5511000124
5511000125
5511000129
5511000130
5511000133
5511000134
5511000136
5511000137
5511000142
5511000144
5511000145
5511000146
5511000148
5511000151
5511000153
5511000155
5511000156
5511000157
5511000165
5511000169
5511000173
5511000174
5511000175
5511000179
5511000180
5511000181
5511000183
5511000188
5511000194
5511000199
5512000001
5512000008
5512000009
5512000010
5512000011
5512000012
5512000015
5512000019
5512000028
5512000032
5512000037
5512000038
5512000041
5512000048
5512000051
5512000052
5512000055
5512000060
5512000062
5512000063
5512000065
5512000066
5512000067
5512000070
5512000073
5512000075
5516000001
5516000002
5516000003
5516000004
5516000005
5516000007
5516000008
5516000010
5516000012
5516000016
5516000017
5516000031
5516000036
5516000037
5516000040
5516000041
5516000042
5516000043
5516000046
5516000047
5516000059
5516000060
5516000065
5516000069
5516000081
5516000082
5516000086
5516000089
5516000091
5516000092
5516000096
5516000097
5516000098
5516000106
5516000107
5516000108
5516000112
5516000114
5516000115
5516000116
5516000122
5516000127
5516000128
5516000130
5516000134
5516000135
5516000139
5522000002
5526000002
5526000025
5526000028
553005
5532000005
5532000007
5536000015
5536000020
5536000021
5536000023
5536000024
5536000037
5536000038
5536000049
5536000051
5536000054
5536000055
5536000059
5536000060
5536000061
5536000072
5536000081
5536000087
5536000088
5536000090
5536000097
5536000098
5536000099
5542000008
5542000010
5542000021
5542000023
5542000031
5542000035
5542000038
5542000039
5542000043
5542000047
5542000049
5542000053
5542000054
5542000055
5542000056
5542000065
5542000066
5542000069
5542000089
5546000001
5546000015
5546000016
5546000022
5546000025
5546000050
5546000054
5546000059
5546000083
5546000089
5556000001
5556000002
5556000003
5556000005
5556000011
5556000014
5556000024
5556000029
5556000030
5556000031
5556000041
5556000042
5556000049
5556000051
5556000061
5556000062
5556000064
5556000065
5556000071
5556000074
5556000089
5556000090
5556000093
5556000095
5566000001
5566000012
5566000013
5566000017
5566000024
5566000026
5566000027
5566000030
5566000031
5566000035
5566000042
5566000047
5566000071
5566000072
5566000076
5566000077
5566000078
5566000084
5566000086
5566000118
5576000002
5576000004
5576000008
5586000015
5586000020
5586000025
5586000028
5586000029
5586000032
5586000033
5586000035
5586000037
5586000048
5586000057
5586000058
5586000060
5586000065
5586000087
5586000088
5586000089
5586000091
5586000093
5586000106
5586000108
5586000111
5586000116
5586000117
5586000118
5586000119
5586000121
5586000122
5586000123
5586000124
5586000127
5586000130
5586000131
5586000133
5586000134
5586000141
5586000142
5586000144
5586000145
5586000147
5586000148
5586000151
5586000152
5586000162
5586000166
5586000167
5586000169
5586000171
5586000183
5586000188
5586000191
5586000200
5586000206
5586000213
5586000219
5586000224
5586000225
5586000228
5586000231
5586000232
5586000235
5586000237
5586000238
5586000249
5586000251
5586000261
5586000262
5586000264
5586000278
5586000279
5586000280
5586000282
5586000283
5586000284
5586000285
5586000286
5586000287
5586000288
5586000289
5586000290
5586000291
5586000298
5586000299
5586000301
5586000303
5586000304
5586000305
5586000306
5586000310
5586000313
5586000314
5586000317
5586000323
5586000324
5586000325
5586000328
5586000330
5586000389
5586000390
5586000404
5586000406
5586000408
5586000414
5586000436
5586000437
5586000441
5586000458
5586000459
5586000460
5586000461
5586000462
5586000463
5586000464
5586000465
5586000469
5586000471
5586000477
5586000480
5586000481
5586000482
5586000483
5586000484
5586000485
5586000489
5586000499
5586000508
5586000510
5586000517
5586000522
5586000532
5586000533
5586000534
5586000535
5586000536
5586000538
5586000540
5586000542
5586000543
5586000548
5586000552
5586000553
5586000554
5586000557
5586000561
5586000585
5586000592
5586000601
5586000602
5586000603
5586000604
5586000612
5586000615
5586000626
5586000629
5596000005
5596000011
5596000018
5596000020
5596000021
5596000022
5596000051
5596000052
5596000053
5596000054
5596000055
5596000056
5596000057
5596000058
5596000059
5596000060
5596000063
5596000064
5596000071
5596000072
5596000073
5596000083
5596000228
5596000271
5596000275
5596000276
5596000277
5596000278
5596000279
5596000280
5596000281
5596000282
5596000283
5596000284
5596000286
5596000287
5596000293
5596000299
5596000300
5596000302
5596000503
5596000575
5596000576
5596000577
5596000579
5596000580
5596000584
5596000587
5596000596
5596000597
5596000598
5596000599
5596000600
5596000601
5596000602
5596000603
5596000604
5596000605
5596000606
5596000607
5596000608
5596000609
5596000610
5596000611
5596000668
5596000682
5596000701
5596000706
5596000707
5596000709
5596000720
5596000721
5596000722
5596000723
5596000724
5596000733
5596000734
5596000773
5596000774
5596000820
5596000879
5596000897
5596000964
5596001028
5596001038
5596001147
5596001150
57693506
57693804
57693805
57693806
57693808
57693811
57693817
57693911
583100560102
583111520103
584100510006
59000316
59001191
6000.4896
6015.3861
6015.4308
6022.5443
6024.3859
6026.3120
6026.3293
6026.4929
6600000828
661133-002
6615-624
661699-033
6617-026
661796-001
6618-386
661870-012
661870-015
661908-012
661936-023
661938-008
661941-008
661994
66500005916
6650013451
6650020208
694013500209
7001.0016
7001.0022
7001.0374
7001.0425
7001.0469
7001.0492
7001.0561
7052.0159
7052.0179
7052.0224
7052.0249
7052.0273
7052.0276
7052.0282
7052.0309
7052.0315
7052.0344
7052.0359
7052.0369
7052.0377
7052.0395
7052.0420
7210013958
7220130083
7220130119
7220130196
7220130216
7220130341
7220130454
7220130946
7220130947
7220131010
7220131022
7220131302
7220131303
7220140005
7220140270
7220140570
7323.0313
7323.0503
7323.0708
7323.5115
7390.6010
7390.6017
7501.0008
7501.0009
7501.0051
7501.0056
7501.0057
7501.0058
7501.0086
7501.0229
7501.0239
7501.0277
7501.0345
7501.0395
7501.0435
7501.0472
7501.0477
7501.0501
7501.0506
7511.0329
7511.0386
7511.0516
7511.0628
7511.0703
77767
784118200125
795218010124
8000.0027
8000.1224
8000.3751
8001.0015
8001.0521
8001.3172
8001.3503
8001.3526
8001.3537
8001.3542
8001.3562
80023102
80023105
80023106
80023108
8010.0040
8051.4646
8081.0037
8081.0051
809513010109
8550.2025F
8550.2025M
859862
859863
8800.1531
8800.2118
8801.2274
8801.2355
8801.2387
8801.2406
8801.2569
8801.2730
8801.2816
8801.2938
892131-001
900-33-011
9000.0119
9000.0189
9000.0235
9000.0445
9000.0471
9000.0544
9000017-012
900008-38
900022-004
900028-009
900040
900040-002
900050-007
900050-037
900050-041
900050-050
900050-056
900050-061
900050-062
900050-063
900050-064
900050-065
900050-066
900050-067
900050-103
900050-104
900050-111
900050-114
900050-115
900050-116
900050-117
900050-118
900050-119
900060-001
900060-002
900060-003
900060-004
900060-005
900060-006
900060-008
900060-010
900060-011
900060-012
900060-021
900060-022
900068-001
900068-002
90006872
90006873
90007092
90007093
90007094
90007095
90007096
90007097
90007099
90007207
90007220
900080
900081
900082
900083
900100
900116
900127
900134
90020860
90023840
90023997
90024002
90024003
90024004
900249
900251
900253
900260
900261
900264
900266
900267
900269
900285
900307
900309-002
900314
900324
900329-001
900360
900360-002
900378
900382
900383
900417
900418
900453
900529
900571
90060002
90060003
90060005
90060008
90060009
90060013
900613
900614
900627-002
900627-003
900627-005
900627-009
900631-002
900640
900645
900646
900668
900670
90068-003
900711-045
900711-046
900723
900729-009
900730-016
900748-001
900788
900813-DEC00001
900852
900920
900940
900942
900946
900950
900955
900958
900959
901-03-029
901043
901076
901082
901107-001
901107-002
901107-003
901107-004
901107-005
901107-006
901107-008
901135-014
901135-045
901135-127
901135-128
901138-013
901200
901204
901217
901218
901223
901226
901242
901254
901270
901272
901274
901276
901324
901325
901329
901356
901432
901442-007
901444-002
901450
901468
901469
901472
901475
901482
901523
901528
901568
901608
901615
901647-006
901649
901689-001
901689-004
901689-163
901689-165
901689-170
901689-180
901689-192
901689-209
901689-220
901689-234
901689-237
901689-246
901689-274
901689-298
901689-351
901689-364
901689-370
901689-373
901689-400
901699
901702
901704
901728-006
901728-008
901737
901738
901789
901790
901793
901799
901804
901811
901817
901822
901835
901852-001
901852-002
901852-007
901853-001
901853-003
901853-007
901906
901928
901929
901954
901955
901965-003
901966-001
901987
90201332
902021-DEC
902043-006
902047-001
902081-001
902153
902158
902178-002
902179
902180
902211
902216-001
902391
902393
902399
902403
902449
902673
902693
902711
902789
902865
902877
902878
902903
902923
902941-001
902958
902980
903035-002
903046
903061
903078-004
903081
903142
903147
903182-001
903209
903212
903216
903217
903346
903384
903444
903455
903489
903492
903493
903495
903500
903526-007
903534
903567-DEC
903574-082
903574-251
903587
903664
903701-DEC
903720
903752-DEC
903760
903764
903794
903807
903807-001
903807-002
903866-DEC
903886
903887-001
903887-002
903918
904-01-002
904-01-003
904-01-007
904058
904072-001
904094
904128-031
904130
904176
904188-DEC
904193
904198
904228
904233
904239
904285-003
904676-002
904694
904706-002
904709
904845-001
904868
904911
904923
904982
905025-001
905026-001
905028
905080
905099
905100
905114
905143
905144
905188
905192-002
905193-003
905193-004
905198
905219
905238
905240
905291
905399-001
905429-DEC
905431-DEC
905437-DEC
905449-DEC
905589
905620
905681-DEC
905685
905690
905702-002
905706-001
905735
905739
905788-DEC
905792-DEC
905819-DEC
905853
905873
905875
905923
905923-DEC
905924
905926-DEC
906084
906164
906207-DEC00001
906231
906237-001
906247
906249
906272
906277
906280
906284
906302
906320
906342-DEC00001
906351
906363
906365
906381
906420
906436
906452-DEC
906456
906456-DEC
906458
906478
906630
906637
906645
906661
906691
906696
906700
906851-001
906851-002
906865
906970
906989
907-03-013
907-04-004
907-04-007
907005
907036
907039-DEC
907050-DEC
907116
907152
907195
907328
907329
907330
907331
907333
907334
907335
907336
907337
907338
907339
907341
907342
907343
907352-DEC
907353-DEC
907354-DEC
907355-DEC
907417
907422
907441
907447-001
907447-002
907447-003
907447-004
907447-005
907447-006
907447-007
907449
907502
907564-DEC
907663
907664
907680
907742
907745
907795
907795-DEC00001
907800-DEC
907802-DEC
907807-DEC00001
907904
907913
907916
907995-DEC
908021
908053-003
908058
908059
908086
908168
908169-001
908171
908176
908177-001
908226
908237-DEC00001
908254
908270
908275
908277
908281
908289
908310-DEC00001
908314
908326
908333
908339
908400-002
908400-003
908400-004
908412
908449
908450
908450-003
908459
908461
908462
908487
908490
908517
908518-001
908518-003
908519
908519-001
908519-002
908555-003
908565
908577
908579-002
908614-DEC00001
908629-DEC
908635-DEC
908679
908683
908714
908716
908719
908725
908829
908832
908846-DEC
908847-DEC
908860
908876
908923
908924
908927
908980
908995
909043-003
909090
909110
909111
909200
909210
909212
909222
909280
909368-001
909372-DEC
909374-DEC
909382-001
909448
909449
909450
909451
909452
909453
909454
909455
909456
909460
909463
909468
909470
909472
909508-001
909508-002
909508-003
909508-004
909508-005
909508-006
909508-011
909508-012
909508-013
909508-014
909544
909563
909575-002
909576-DEC
909582
909622-002
909639
909649
909694-001
909730
909771
909774
909778
909798
909911
909943
909945
909953
909957
909967
9100000047
9100000069
9100000078
9100000217
9100000504
9100000656
9100000661
9100000666
9100000747
9100000810
9100000943
9100001002
9100001372
910003-DEC
910006-DEC
910031
910041
910043
910046
9156204080
9157660819
9157681824
9157702673
9158012347
9158012348
9158012663
9158016561
9158017200
9158017630
9158017687
9200010066
9200010087
9200010136
9200010147
9200010161
9200010163
9200010164
9200010166
9200010169
9200010186
9200010195
9200010197
9200010232
9200010310
9200010312
9200010330
9200010369
9200010371
9200010842
9200010892
9200010893
9200010924
9200011053
9200011056
9200011095
9200011107
9200011108
9200011112
9200011113
9200011128
9200011144
9200011145
9200011153
9200011154
9200011164
9200011167
9200011175
9200011176
9200011182
9200011187
9200011189
9200011192
9200011193
9200011195
9200011196
9200011197
9200011199
9200011200
9200011201
9200011211
9200011212
9200011213
9200011214
9200011216
9200011217
9200011226
9200011227
9200011228
9200011228@
9200011229
9200011230
9200011233
9200011238
9200011239
9200011240
9200011241
9200011242
9200011243
9200011248
9200011254
9200011256
9200111643
9200112523
9200114285
9200116125
9200116126
9200116127
9200116146
9200116147
9200116150
9200117313
9200117353
9200117355
9200117357
9200117359
9200117360
9200117361
9200117369
9200117379
9200117380
9200117406
9200117435
9200117504
9200117558
9200117559
9200117562
9200117563
9200117564
9200117614
9200117620
9200117654
9200117780
9200117793
9200117869
9200117955
9200118149
9200118150
9200118160
9200118161
9200118420
9200118449
9200118650
9200118824
9200118917
9210010121
9210010175
9210010185
9210010212
9210010224
9210010226
9210010231
9210010232
9210010253
9210010259
9210010345
9210010373
9210010413
9210010414
9210010417
9210010475
9210010572
9210010573
9210010624
9210010706
9210010743
9210010773
9210010792
9210010829
9210010837
9210010845
9210010846
9210010862
9210010866
9210010867
9210010868
9210010869
9210010872
9210010873
9210010879
9210010885
9210010940
9210010948
9210010987
9210010988
9210011004
9210011185
9210011252
9210011304
9210011390
9210011444
9210011476
9210011481
9210011588
9210011615
9210012051
9210012058
9210012169
9210012170
9210012222
9210012357
9210012725
9210012744
9210012781
9210012791
9210012793
9210012809
9210012836
9210012936
9210012978
9210013071
9210013072
9210013109
9210013118
9210013130
9210013131
9210013166
9210013178
9210013181
9210013183
9210013184
9210013188
9210013189
9210013190
9210013202
9210013203
9210013204
9210013217
9210013227
9210013228
9210013231
9210013233
9210013242
9210013266
9210013282
9210013287
9210013324
9210013329
9210013331
9210013357
9210013367
9210013378
9210013413
9210013422
9210013452
9210013453
9210013469
9210013546
9210013584
9210013609
9210013613
9210013615
9210013629
9210013639
9210013680
9210013688
9210013689
9210013718
9210013720
9210013755
9210013756
9210013757
9210013760
9210013787
9210013807
9210013827
9210013828
9210013833
9210013835
9210013845
9210013849
9210013853
9210013876
9210013906
9210014003
9210014045
9210014046
9210014047
9210014048
9210014049
9210014051
9210014052
9210014057
9210014162
9210014164
9210014165
9210014213
9210014279
9210014293
9210014385
9210014392
9210014426
9210014447
9210014449
9210014450
9210014454
9210014455
9210014471
9210014491
9210014493
9210014500
9210014516
9210014520
9210014521
9210014538
9210014563
9210014566
9210014601
9210014602
9210014626
9210014728
9210014739
9210014873
9210014933
9210015306
9210015345
9210015361
9210015367
9210015408
9210015472
9210015481
9210015497
9210015498
9210015532
9210015539
9210015563
9210015578
9210015579
9210015580
9210015581
9210015660
9210015662
9210015688
9210015695
9210015734
9210015739
9210015749
9210015750
9210015755
9210015782
9210015783
9210015791
9210015809
9210015857
9210015863
9210015865
9210015866
9210015909
9210015927
9210015928
9210015929
9210015963
9210015964
9210015965
9210015966
9210015967
9210015971
9210015972
9210016010
9210016020
9210016021
9210016022
9210016023
9210016024
9210016033
9210016040
9210016042
9210016052
9210016065
9210016067
9210016068
9210016069
9210016080
9210016081
9210016082
9210016089
9210016132
9210016133
9210016134
9210016267
9210016294
9210016298
9210016320
9210016321
9210016323
9210016382
9210016392
9210016393
9210016449
9210016464
9210016466
9210016503
9210016589
9210016590
9210016595
9210016599
9210016607
9210016623
9210016626
9210016627
9210016641
9210016642
9210016647
9210016659
9210016707
9210016714
9210016776
9210016777
9210016933
9210016934
9210017033
9210017074
9210017095
9210017104
9210017105
9210017112
9210017121
9210017161
9210017230
9210017310
9210017339
9210017343
9210017486
9210017582
9210017681
9210017682
9210017695
9210017749
9210017801
9210017898
9210017949
9210017950
9210018008
9210018018
9210018032
9210020040
9210020376
9210020494
9210020518
9210020536
9210020558
9210110017
9210110019
9210120168
9210120451
9210120452
9210120453
9210120899
9210120919
9210120964
9210121034
9210121212
9210121257
9210121259
9210121264
9210121319
9210121322
9210121325
9210121390
9210121440
9210121453
9210121476
9210121501
9210121527
9210121687
9210121688
9210121689
9210121690
9210121691
9210121706
9210121707
9210121718
9210121733
9210121756
9210121757
9210121803
9210121821
9210121843
9210121844
9210121854
9210121855
9210121909
9210121918
9210122027
9210122044
9210122054
9210122137
9210122155
9210122156
9210122183
9210122350
9210122351
9210122353
9210122539
9210122540
9210122549
9210122585
9210122648
9210122686
9210122768
9210122770
9210122794
9210122816
9210122840
9210122841
9210122842
9210122860
9210122864
9210122865
9210122868
9210122882
9210122883
9210122919
9210122920
9210122930
9210122935
9210122936
9210122937
9210122942
9210122981
9210122989
9210122993
9210123019
9210123049
9210123070
9210123076
9210123108
9210123109
9210123134
9210123139
9210123154
9210123165
9210410017
9210410062
9210412025
9210412044
9210412049
9210412091
9210520349
9210520661
9210520666
9210520683
9210520719
9210520726
9210520729
9210520751
9210520764
9210520765
9210520821
9211420106
9214911586
9215120099
9220010303
9220010304
9220010305
9220010307
9220010595
9220010751
9220010757
9220010769
9220010770
9220010825
9220010835
9220010905
9220011091
9220011427
9220011462
9220011504
9220011561
9220011617
9220011618
9220011619
9220011622
9220011675
9220011683
9220011735
9220011860
9220011908
9220011974
9220012027
9220012203
9220012224
9220012265
9220012364
9220012369
9220012589
9220020072
9220110003
9220110024
9220110080
9220110190
9220111961
9220112359
9220114325
9220114551
9220115519
9220117456
9220118255
9220118343
9220118463
9220118597
9220118617
9220118626
9220119014
9220119600
9220119839
9220119840
9220119858
9220120093
9220120537
9220122101
9220129506
9220130017
9220130353
9220130355
9220130393
9220130395
9220130396
9220130630
9220130735
9220130798
9220130799
9220130800
9220130809
9220130814
9220130815
9220130817
9220130913
9220130914
9220130929
9220130938
9220130944
9220131075
9220131076
9220131245
9220131246
9220131247
9220131409
9220131456
9220131482
9220131483
9220131490
9220131491
9220131493
9220131494
9220131495
9220131496
9220131516
9220131542
9220131557
9220131570
9220132246
9220132247
9220132271
9220132272
9220132273
9220132280
9220132281
9220132318
9220132319
9220132328
9220132349
9220132400
9220132483
9220132484
9220132543
9220132560
9220132566
9220132769
9220133020
9220133078
9220133079
9220133286
9220133346
9220133378
9220133456
9220133694
9220133695
9220133720
9220133892
9220134007
9220134159
9220134399
9220134539
9220134551
9220135031
9220135142
9220135373
9220135374
9220135593
9220135779
9220136184
9220136187
9220136403
9220136506
9220136635
9220136796
9220136900
9220137081
9220137226
9220137244
9220137245
9220137259
9220137370
9220137440
9220137441
9220138713
9220139479
9220139683
9220141660
9220141761
9220142003
9220142035
9220142165
9220142187
9220142404
9220142882
9220143404
9220144004
9220144005
9220144469
9220145095
9220145201
9220145235
9220145526
9220145764
9220145841
9220145978
9220146030
9220146178
9220146209
9220146313
9220146493
9220146494
9220146674
9220146675
9220147066
9220147327
9220147571
9220147711
9220147718
9220147719
9220147738
9220147743
9220147744
9220147745FOC
9220150030
9220150057
9220150243
9220150244
9220150265
9220150274
9220150293
9220150346
9220150398
9220150426
9220150432
9220150433
9220150434
9220150435
9220150461
9220150462
9220150464
9220150465
9220150466
9220150508
9220150509
9220910081
9221110046
9221120085
9221320710
9221320711
9221420434
9222110097
9222110098
9223010621
9223710053
9223910025
9223910027
9223910080
9230010061
9230010079
9230010080
9230010081
9230010116
9230010223
9230010277
9230020083
9230020088
9230020097
9230110246
9230110383
9230110410
9230110468
9230110511
9230110525
9230110639
9230110642
9230110683
9230110700
9230110714
9230110753
9230110817
9230110823
9230110879
9230110880
9230110948
9230110959
9230110966
9230111225
9230111248
9230120049
9230120257
9230120286
9230120449
9230120450
9230120451
9230120454
9230120455
9230120457
9231221001
9231221002
9231221003
9231221007
9231221014
9240000005
9240000016
9240000034
9240000067
9240000068
9240000070
9240000080
9240000086
9240000093
9240000107
9240000117
9240000137
9240000139
9240000150
9240000161
9240000162
9240000171
9240000191
9240000222
9240000224
9240000227
9240000235
9240000261
9240000343
9240000350
9240000353
9240000363
9240000372
9240000376
9240000377
9240000378
9240000387
9240000388
9240000389
9240000390
9240000391
9240000437
9240000438
9240000441
9240000446
9240000448
9240000451
9240000453
9240000458
9240000462
9240000464
9240000482
9240000511
9240000518
9240000519
9240000542
9240000563
9240000644
9240000714
9240000722
9240000775
9240000814
9240000827
9240000832
9240000833
9250000165
9290000077
9290000493
9290000498
9290000591
9290000602
9290000616
9290000617
9290000757
9290000763
9290000770
9290000775
9290000784
9290000785
9290000786
9290000791
9290000834
9290000835
9290000836
9290000837
9290000839
9290000840
9290000841
9290000842
9290000843
9290000844
9290000845
9290000846
9290000849
9290000850
9290000851
9290000852
9290000853
9290000854
9290000855
9290000858
9290000859
9290000860
9290000899
9290000906
9290000916
9290000917
9290000929
9290000930
9290000931
9290000932
9290000933
9290000937
9290000939
9290000967
9290000982
9290000985
9290000993
9290001003
9290001006
9290001010
9290001013
9290001014
9290001015
9290001016
9290001017
9290001029
9290001031
9290001032
9290001033
9290001037
9290001048
9290001051
9290001065
9290001149
9290001211
9290001212
9290001213
9290001217
9290001225
9290001236
9290001255
9290001274
9290001276
9290001277
9290001289
929201041206
9400000112
9400000316
9400000376
9400000544
9400000926
9400001178
9400002410
9400003175
9400003426
9400005025
9400005138
9400006926
9400008652
9400008660
9400008698
9400008906
9400010208
9400010600
9400011340
9400011472
9400011473
9400011739
9400012514
9400013160
9400014152
9400017050
9400017111
9400019128
9400019191
9400020210
9400020962
9400020971
9400021378
9400021415
9400021523
9400021672
9400021677
9400021867
9400021868
9400021872
9400022086
9400023103
9400023104
9400023106
9400023117
9400023358
9400024370
9400024523
9400024734
9400024735
9400025008
9400025031
9400025032
9400025631
9400025809
9400026078
9400026079
9400026080
9400026081
9400026141
940141-001
940141-002
940141-003
940141-007
940141-009
940157-001
940183
940258-001
940319
940325
940338
940344
940345
940346
940347
940349
940452
940454
940462-DEC
940471
940472
940477
940483-DEC
940490-001
940624
940692-DEC
940721
940733
940734
940749
940773
940802
940802-DEC
940812-DEC
940816
940851-DEC
940857-DEC
940864-DEC
940875-DEC
940883-DEC
940885-DEC
940902
940904
940907-DEC
940959
940965
941043-001
941096
941104
941104-DEC
941109
941262
941274-00008
941274-DEC
941274-DEC00001
941276-DEC
941276-DEC00001
941281-DEC
941281-DEC00001
941482
941811
941898
941903-DEC
941904-DEC
941905
941941
941951
941988-005
942-13-001
942-53-009
942012-DEC
942013
942013-DEC
942016
942065
942066
942067
942093
942184-005
942184-006
942302-DEC
942303-DEC
942304-DEC
942305-DEC
942306-DEC
942337-DEC
942337-DEC00001
942338-DEC
942339-DEC
942434
942468-001
942468-002
942478-DEC
942480-DEC
942605-DEC00001
942605-DEC00002
942605-DEC00003
942630
942633-001
942648
942679
942690
942692-005
942811-001
942862
942907-001
942907-005
942907-008
942907-011
942934
942942-DEC
942987-DEC
943022
943023
943078-DEC
943097-DEC
943157
943167
943227
943233
943234
943239
943240
943255
943260
943268
943297
943332
943342-DEC
943350
943366
943475-003
943480-DEC
943525
943567
943567-005
943567-006
943639
943642-DEC00001
943646-DEC
943647-DEC
943648-DEC
943649-DEC
943650-DEC
943653-DEC
943661-DEC
943662-DEC
943663-DEC
943664-DEC
943665-DEC
943737
943768
943777-DEC
943779-DEC
943792
943795-002
943795-004
943795-005
943816
943915-DEC
943936-DEC
943965
944-03-025
944076
944076-001
944096
944097
944098
944099
944126
944143
944143-001
944143-002
944144
944165
944171
944173
944175
944178
944184
944184-001
944193
944205
944207
944207-DEC
944207-RAL9010
944208
944233
944250
944263
944320-DEC
944326
944328
944329
944357
944358
944409-001
944458-DEC
944462
944487
944493-001
944493-002
944493-003
944495
944505
944581-001
944639
944645-DEC
944693-003
944696-001
944697-001
944778-001
944780-001
944781-001
944784-001
944793-001
944793-002
944844
944896
944966
945118-001
945119-001
945126-201
945126-220
945210
945212
945213
945216
945478-DEC
945489-091
945542-001
945542-002
945562
945576
945577
945588
945697
945723-DEC
9457676434
945839
945844
945855
945956
945965
945966
946104
946121
946276
946340-DEC
946363-DEC
946404-DEC
946412
946412-001
946412-002
946425
946426
946439
946485
946539-DEC
946558
946643
946674-001
946674-002
946674-006
946681
946682
946710-DEC
946713-DEC
946719-DEC
946728-DEC
946729-DEC
946734-DEC
946747
946747-003
946747-005
946752
946756-DEC
946766-DEC
946794-DEC
946916
947024-DEC
947026-DEC
947033
947037
947050-001
947074
947099
947109-001
947109-001A
947109-004
947109-005
947109-007
947109-101
947109-102
947133-DEC
947183-DEC
947200-001
947200-002
947200-007
947200-008
947200-013
947200-015
947200-016
947200-020
947200-023
947200-029
947200-031
947200-032
947200-033
947200-034
947200-035
947342-DEC
947344-DEC
947346-DEC
947360
947396
947444
947473
947507-DEC
947515-DEC
947518-DEC
947551-DEC
947554-DEC
947565-DEC
947643
947649-DEC
947701-001
947701-002
947713
947782
947802
947802-001
947802-002
947802-004
947893-DEC
947915
947937
947940
947941
947944
947944-001
947957-DEC
948057-DEC00001
948057-DEC00002
948061-DEC
948062-DEC
948063-DEC
948064-DEC
948065
948073-DEC
948074-DEC
948075-DEC
948076-DEC
948085
948181-DEC
948208
948208-DEC
948210-DEC
948243
948244
948245
948246
948297
948304
948305
948311-002
948315
948323
948331
948333
948355-DEC
948367-DEC
948370-DEC
948378-DEC
948382-DEC
948386-DEC
948387-DEC
948407
948408
948409
948410
948427-001
948436-DEC
948438-DEC
948440-DEC
948442-DEC
948443-DEC
948450-DEC
948453-DEC
948455-DEC
948457-DEC
948470
948472-DEC
948475-001
948475-024
948475-031
948475-531
948479-DEC
948479-DEC0001
948531-DEC
948532-DEC
948546
948575-001
948582
948584-DEC
948594
948594-001
948604-DEC
948613-001
948636-DEC
948645-DEC
948648-DEC
948684-DEC
948685-DEC
948688-DEC
948760-DEC
948822-DEC
948824-DEC
948828-DEC
948840
948840-DEC
948845-DEC
948848-DEC
948856
948873
948892-DEC
948894-DEC
948928-DEC
948932-DEC
948937-DEC
948947-DEC
948953-DEC
948977
948978
949021
949022
949043-DEC
949044-DEC
949051-DEC
949052-DEC
949053-DEC
949058-DEC
949059-DEC
949067-DEC
949068-DEC
949073-DEC
949074-DEC
949084-DEC
949094-DEC
949096-DEC
949104-DEC
949111-DEC
949113-DEC
949115-DEC
949128-DEC
949145
949186
949237
949251-DEC
949253
949253-001
949259-DEC
949260-DEC
949261-DEC
949262-DEC
949267
949275-DEC
949276-DEC
949277-DEC
949278-DEC
949356
949357
949359
949360
949368
949400
949401
949402
949424-DEC
949426-DEC
949434-DEC
949451-DEC
949489
949509-DEC
949510-DEC
949511-DEC
949512-DEC
949513-DEC
949514-DEC
949515-DEC
949516-DEC
949517-DEC
949544-DEC
949585
949586
949658-002
949662-DEC
949707-DEC
949729-DEC
949732-DEC
949734-DEC
949747-DEC
949776-DEC
949786-DEC
949788-DEC
949811
949846
949847-DEC
949849-DEC
949860-DEC
949882-DEC
949887-DEC
949889-DEC
949913-005FOC
949913-013
949914
949947-DEC
949954-DEC
949968-DEC
949985-DEC
949996-001
950035
950041-DEC
950063
950073-DEC
950100-DEC
950102-DEC
950113-DEC
950123-DEC
950150-001
950279-DEC
950305-DEC
950310
950328
950351ORIGINAL
950400
950418-DEC
950420-DEC
950422-001
950439
950473-DEC
950474-DEC
950506
950507
950563
950568
950579
950580
950601
950601-DEC
950634-DEC
950635-DEC
950636-DEC
950637-DEC
950641-DEC
950643-DEC
950645-DEC
950672-DEC
950727-DEC
950731-DEC
950733-DEC
950746-002
950748-DEC
950773
950785
950793-DEC
9508012011
9508012013
9508012040
9508012063
9508012072
9508012075
9508012104
9508012110
9508012125
9508012175
9508012191
9508012202
9508012212
9508012215
9508012230
9508012231
9508012235
9508012287
9508012319
9508012342
9508012343
9508012346
9508012347
9508012348
9508012374
9508012375
9508012379
9508012387
9508012450
9508012456
9508012469
9508012470
9508012473
9508012474
9508012489
9508012504
9508012558
9508012643
9508012650
9508012663
9508012665
9508012666
9508012669
9508012727
9508012731
9508012732
9508012733
9508012734
9508012753
9508012755
9508012765
9508012974
9508013207
9508013208
9508013212
9508013213
9508013301
9508013303
9508013305
9508013306
9508013307
9508013308
9508013309
9508013312
9508013313
9508013320
9508013322
9508013400
9508013402
9508013403
9508013404
9508013405
9508013406
9508013407
9508013408
9508013409
9508013410
9508013411
9508013412
9508013414
9508013416
9508013417
9508013418
9508013421
9508013427
9508013428
9508013429
9508013430
9508013431
9508013433
9508013434
9508013435
9508013437
9508013439
9508013440
9508013441
9508013442
9508013443
9508013449
9508013450
9508013451
9508013452
9508013457
9508013458
9508013584
950802
950819
950820
950822
950937
950940
950943
950945
950951-005
950952-005
950952-007
950966-DEC
950967-DEC
950968-DEC
950969-DEC
950970-DEC
950971-DEC
950972-DEC
950973-DEC
950974-DEC
950984-DEC
950986-DEC
950988-DEC
950990-DEC
951006-DEC
951030-DEC
951031-DEC
951042-DEC
951049-DEC00001
951049-DEC00002
951053-DEC
951064-DEC
951066-DEC
951070
951071
951071-DEC
951087U
951093
951096U
951100-001
951100-002
951114-002
951117-DEC
951121-DEC
951127-DEC
951137-DEC
951138-DEC
951139-DEC
951141-DEC
951153-003
951168-DEC
951179-DEC
951185-DEC
951222
951264-DEC00001
951264-DEC00002
951264-DEC00003
951264-DEC00004
951264-DEC00006
951264-DEC00007
951264-DEC00008
951264-DEC00009
951264-DEC00010
951264-DEC00011
951264-DEC00012
951264-DEC00013
951264-DEC00014
951264-DEC00015
951264-DEC00016
951266
951268-DEC
951269-0C
951279
951316-DEC
951317-DEC
951323
951340
951363-DEC
951373-DEC
951374-DEC
951384-DEC
951387-DEC
951390-DEC
951397-DEC
951400-DEC
951429-DEC
951433-DEC
951442-DEC
951445-DEC
951451-DEC
951454
951454-001
951454-002
951454-003
951454-004
951456
951457
951467-DEC
951472-DEC
951475-DEC
951484-DEC
951516-DEC
951530-DEC
951552-DEC
951554-DEC
951556-DEC
951564-DEC
951567
951584
951598-DEC
951601-DEC
951687-DEC
951698-DEC
951701-DEC
951710-DEC
951713-DEC
951722-001
951731-DEC
951732-DEC
951760-DEC
951760-DEC00008
951764-DEC
951777-DEC
951779
951784-DEC
951787-DEC
951789-DEC
951791-DEC
951799-001
951845-103
951850-DEC
951872
951874
951875
951879
951896
951897
951898
951899
951901-DEC
951916-DEC
951918-DEC
951938-DEC
951941-DEC
951942-DEC
951961-DEC
951964-DEC
951977
952001
952007-DEC
952008-DEC
952012-002
952025
952039-DEC
952052-DEC
952056-DEC
952059-DEC
952061-DEC
952113
952194-DEC
952199-DEC
952200-DEC
952201-DEC
952202-DEC
952211-DEC
952212-DEC
952213-DEC
952217-DEC
952220-DEC
952266-DEC
952303-DEC
952306-DEC
952307-DEC
952314-DEC
952315-DEC
952361-DEC
952375
952428
952465-DEC
952469-DEC
952488-DEC
952489-DEC
952492-DEC
952493-DEC
952494-DEC
952500-DEC
952507-DEC
952592-DEC
952617
952670-DEC
952677-DEC
952696-DEC
952700-DEC
952702-DEC
952703-DEC
952744-DEC
952745-DEC
9529016
952927-DEC
952931
952933
952934
952935
952939
952950-DEC
952952-DEC
952952-DEC00001
952980-DEC
952984-DEC
952984-DEC00001
952986-DEC00001
952990-DEC
953002-DEC
953003-DEC
953004-DEC
953005-DEC
953006-DEC
953040-DEC
953049
953053-004
953061-DEC
953069-DEC
953070
953080
953107
953108
953109
953112-DEC
953113
953113-DEC
953114-DEC
953150-001
953150-002
953152-001
953200
953216-DEC
953232
953232-001
953233
953235-DEC
953284
953284-002
953319-DEC
953327-DEC
953363
953378-DEC
953394-001
953430-DEC
953456-DEC
953482
953567-DEC
953693
953694
953695
953696
953700
953701
953706
953708
953745
953760
953833-DEC
953903-DEC
953924-DEC
953988-DEC
954004-DEC
954027
954112
954112-002
954118
954178-DEC
954206-DEC
954210-DEC
954219-DEC
954229-DEC
954282
954294-DEC
954298-DEC
954302
954377-DEC
954387
954396
954437
954440-001
954440-003
954470
954600-DEC
954673-DEC
954678
954686-DEC
954699-DEC
954707-DEC
954714
954718-DEC
954722-DEC
954724-DEC
954726-DEC
954738-DEC
954741-DEC
954784
954817-DEC
954897-DEC
954908-DEC
954909-DEC
954910-DEC
954911-DEC
954924-DEC
954925-DEC
954926-DEC
954927-DEC
954936-DEC
954938
954938-DEC
954940-DEC
954963-DEC
954965
954965-DEC
954967-DEC
954992-DEC
955002-DEC
955021
955031
955065
955066
955068-DEC
955069-DEC
955072-DEC
955074-DEC
955076-DEC
955080-DEC
955110-DEC
955111-DEC
955115-DEC
955116-DEC
955117-DEC
955118-DEC
955138-DEC
955146-DEC
955152
955156-DEC
955193-DEC
955194-DEC
955195-DEC
955238
955256-DEC
955299-DEC
955300
955300-DEC
955301-DEC
955302-DEC
955313
955315-DEC
955379-DEC
955385-DEC
955387-DEC
955389-DEC
955398-DEC
955437-DEC
955445-DEC
955448-DEC
955468-DEC
955470-DEC
955472-DEC
955508-DEC
955514-005
955514-006
955514-006-070
955515
955515-004
955516-004
955538-DEC
955602-DEC
955614-DEC
955631-DEC
955637-DEC
955639-DEC
955641-DEC
955649-DEC
955656-DEC
955658-DEC
955664-DEC
955666-DEC
955668-DEC
955670-DEC
955673-DEC
955682-DEC
955724-DEC
955727-DEC
955732-DEC
955741-003
955741-004
955751-DEC
955752-DEC
955753-DEC
955754-DEC
955762-DEC
955770-DEC
955819
955820-DEC
955841
955842
955843
955847
955848
955850
955853
955854
955856
955924
955925-001
955925-002
955935-DEC
955942-DEC
955964-DEC
955972-DEC
955974-DEC
955976-DEC
955990-DEC
955994
955994-000
955994-001
955994-002
955994-003
955994-007
955994-013
955994-014
955994-015
955994-016
955994-017
956001-002
956001-004
956001-006
956001-014
956001-015
956007-DEC
956017-DEC
956019-DEC
956029-DEC
956033-DEC
956075-DEC
956185
956252-DEC
956285
956318-DEC
956325-DEC
956339
956341-001
956343-003
956345-002
956357
956377-DEC
956385-DEC
956563
956667
956809-DEC
956811-DEC
956813-DEC
956815-DEC
956817-DEC
956819-DEC
956829-DEC
956831-DEC
956833-DEC
956835-DEC
956837-DEC
956839-DEC
956841-DEC
956843-DEC
956845-DEC
956847-DEC
956849-DEC
956851-DEC
956882-DEC
956885-DEC
956887-DEC
956889-DEC
956909
957033-DEC
957035-DEC
957037-DEC
957039-DEC
957041-DEC
957055-DEC
957058-DEC
957109-001
957116-DEC
957143-DEC
957158-DEC
957161-DEC
957184-006
957219-DEC
957222-DEC
957222-DEC00007
957232
957233
957249
957263-DEC
957284
957288
957313-DEC
957321-DEC
957360
957361
957371
957372
957373
957387-DEC
957389-DEC00001
957474
957475
957578
957600-DEC
957603-DEC
957605-DEC
957607
957619-001
957619-002
957621-DEC
957631
957632-DEC
957636-DEC
957642-001
957648-DEC
957649-DEC
957650-DEC
957651-DEC
957653-DEC
957654-DEC
957655-DEC
957658-DEC
957676-DEC
957678-DEC
957700
957711
957725
957742-DEC
957744-DEC
957754
957759-DEC
957761-DEC
957813-DEC
957840-DEC
957842-DEC
957843-001
957869-DEC
957872-DEC
957874-DEC
957875-DEC
957881-DEC
957885-DEC
957888-DEC
957889-DEC
957890-DEC
957891-DEC
957892-DEC
957893-DEC
957894-DEC
957898-DEC
957899-DEC
957900-DEC
957901-DEC
957902-DEC
957908-DEC
957908-DEC00020
957914-DEC
957960-DEC
957961-DEC
957967-DEC
957990
958013-DEC
958019-DEC
958024-DEC
958028
958033-DEC
958044-DEC
958068-DEC
958070-DEC
958071-DEC
958085-004
958128-DEC
958144-DEC
958233-DEC
958234-DEC
958235-DEC
958236-DEC
958237-DEC
958249-DEC
958280-DEC
958316-DEC
958319
958320
958357-DEC
958366-002
958377-DEC
958463-DEC
958466-DEC
958468-DEC
958485
958507-001
958514-DEC
958523-DEC
958525-DEC
958526-DEC
958583
958583-001
958677-DEC
958678-DEC
958693-DEC
958697-DEC
958774
958780-DEC
958828-DEC
958830-DEC
958831-DEC
958978-DEC
958992-DEC
958997-DEC
959064-DEC
959067
959069-001
959070-DEC
959073-DEC
959085
959176
959225-DEC
959261
959333-DEC
959357-DEC
959462
959464-DEC
959472
959486-DEC
959503-DEC
959545
959553
959555-DEC
959606
959637-DEC
959640
959666
959685
959708
959709-DEC
959713
959715-DEC
959779
959780
959833
959834
959835
959835-018
959835-019
959835-021
959835-022
959835-023
959835-024
959835-026
959835-027
959835-028
959835-029
959835-030
959835-033
959838
959884-DEC
959886-DEC
959903-DEC
959962-001
959963-001
960000
960043
960053-003
960219
960281
9602907440
9603000460
9603030360
9603037260
9603037760
9603057110
9603080320
9603207150
9603270850
9603717020
9603807030
9603807040
9603807050
9603907000
9603970090
9603970200
9603970210
9603970220
9603970250
9603970350
9603970370
9603970380
9603970400
9603970410
9603970440
9603970450
9603970510
9603970520
9603970550
9603974190
9603975010
9604017040
9604050190
9604070130
9604070140
9604077080
9604117040
9604267860
9604272700
9604272870
9604272880
9604273280
9604273300
9604277430
9604277600
9604279020
9604300830
9604327080
9604447750
9604461140
9604497250
9604497880
960454
9604540020
960470
960472-001
960477
9604771310
960478
9604817410
9604847350
9604907150
9604907170
9604970200
9604970360
960497039A
9604970410
9604972670
9604972750
9604972810
9605074290
9605180020
9605390040
9605419350
9605421210
9605422240
9605428840
9605460310
9605468460
960548
960549
9605501820
9605501880
9605505730
960556
9605560680
9605567280
9605567330
9605608310
9605608320
9605667000
9605667450
9605667480
9605667570
9605707040
960576
960578
960581-DEC
9605907260
9605907360
9605907390
9605927000
9605970420
9605971210
9605971230
9605971270
9605971300
9605971380
9605977250
9605977270
9606027470
9606087200
9606247140
9606267410
9606310110
9606500340
960672-001
960678-DEC
9606930530
9606950390
9606966740
9606970200
9606970270
9606971120
9606971140
9606971150
9606971200
9606971210
9606971220
9606971250
9606971320
9606974600
9606986600
9606990030
9606990170
9606992710
9606996800
9607005410
9607067960
9607088040
9607097890
9607300240
9607342320
9607448420
9607448580
9607448640
960751
960752
960756
960757
9607635030
960771
960772
960773
9607805230
9608007080
9608487020
9608698120
9608698130
9608698310
9608711940
960886
9608948220
9608970700
9608970720
9608970750
960898-002
960898-004
960898-007
960898-008
960898-009
960898-010
9609007030
9609007050
9609007060
9609007080
9609007120
9609057910
9609065110
9609065810
9609173140
9609174540
9609302123
9609302220
960963
9609702800
9609702900
9609703000
9609703100
9609709310
9609740700
9609772650
9609772750
9609772850
9609777010
961100
961102
961127
961144
961171
961242
961276
961277
961278.PART1
961278.PART2
961278.PART3
961310
961369
961370-001
961378
961384
961389-001
961460
961462
961635
961789
961790
961809
961816
961820
961821
961822
961823
961824
961826
961827
961827-001
961828
961837
961838
961935
962084
962107
962110
962111
962114
962115
962116
962118
962119
962122
962123
962124
962267
962268
962283
962284
962444
962455
962457
962458
962459
962473
962514
962515
962690-018
962759
962816-001
962817
963-03-014
963-03-024
963-03-025
963005
963006
963007
963008
963009
963010
963034
963042-001
963042-002
963231
963232
963233
963234
963235
963243
963360
963367
963372
963379
963450
963478
963515
963516
963524
963573
963574
967-03-192
970-03-052
970-03-094
970-03-162
970002
9700165938
9700215266
9700235171
9700750021
9700750111
9700750131
9700750153
9700800080
9700800094
9700810077
9700810079
9700900106
9700900114
974-03-023
974-03-026
976583
979241
979771-DEC
9890.0001
995171-DEC
995191-DEC
995217-DEC
AL 5-260449-001
AL 5-260452-001
AL 5-286342-00
D9210016449
DMAR90256386
DMAR90256387
DMAR90256388
FJN04032
FREIGHT
I9210120005
I9210120006
I9210120007
IT PHONES
IT SOFTWARE
JPOT90292762
KATAFORESEN
KHA039302600
LABOUR/A/01
LABOUR/N/02
LJAC90258313
LJAC90258733
M000086
M000090
M033131
M034799
M036156
M510489
MATERIAAL  DIV.
MF0483.0504
MF0483.5007
MF0691.0001
MF0691.0501
MF0692.0002
MF0692.0003
MF0801.0001
MF0801.0501
MF0801.0503
MF0801.0508
MF0801.0509
MF0801.0545
MF0801.0549
MF0801.0551
MF0801.0557
MF0801.0558
MF0801.0559
MF0801.0562
MF0801.0570
MF0801.0571
MF0801.0572
MF0801.4105
MF0801.4116
MF0801.4119
MF0801.4120
MF0801.4121
MF0801.4123
MF0801.4124
MF0801.5002
MF0801.5003
MF0801.5008
MF0801.5009
MF0801.5010
MF0801.5049
MF0801.5057
MF0801.5062
MF0801.5063
MF0801.5064
MF0801.5065
MF0801.5068
MF0801.5069
MF0801.5070
MF0801.5071
MF0801.5074
MF0801.5076
MF0801.5077
MF0801.5078
MF0801.5079
MF0801.5090
MF0801.5095
MF0802.0001
MF0802.0007
MF0802.0008
MF0802.0501
MF0802.0504
MF0802.0505
MF0802.0507
MF0802.0521
MF0802.0522
MF0802.0525
MF0802.0531
MF0802.0535
MF0802.0542
MF0802.0543
MF0802.0549
MF0802.0550
MF0802.0551
MF0802.0554
MF0802.0560
MF0802.0561
MF0802.0563
MF0802.0565
MF0802.0566
MF0802.4107
MF0802.4110
MF0802.5001
MF0802.5002
MF0802.5005
MF0802.5006
MF0802.5007
MF0802.5008
MF0802.5009
MF0802.5011
MF0802.5012
MF0802.5013
MF0802.5014
MF0802.5016
MF0802.5017
MF0802.5018
MF0802.5019
MF0802.5020
MF0802.5024
MF0802.5025
MF0802.5033
MF0802.5034
MF0802.5054
MF0802.5055
MF0802.5064
MF0802.5065
MF0802.5066
MF0802.5068
MF0802.5071
MF0803.0001
MF0803.0002
MF0803.0003
MF0803.0004
MF0803.0501
MF0803.0502
MF0803.0503
MF0803.0504
MF0803.0505
MF0803.0506
MF0803.0507
MF0803.0508
MF0803.0513
MF0803.0514
MF0803.5001
MF0803.5002
MF0803.5003
MF0803.5004
MF0803.5008
MF0803.5009
MF0803.5010
MF0803.5011
MF0803.5043
MF0804.0505
MF4112.0051
MFN2501.0001
MFN4100.0016
MFN4102.0090
MFN4102.0187
MFN4102.0206
MFN4102.0207
MFN4102.0208
MFN4102.0213
MFN4102.0218
MFN4110.0023
MFN4110.0025
MFN4110.0034
MFN4110.0038
MFN4111.0005
MFN4112.0015
MFN4112.0064
MFN4112.0071
MFN4115.0047
MFN4115.0048
MFN4116.0009
MFN4116.0027
MFN4117.0051
MFN4117.0052
MFN4117.0062
MFN4117.0070
MFN4120.0002
MFN4200.0010
MFN4209.0027
MFN4209.0028
MFN4209.0029
MFN4314.0005
MFN4324.0004
MFN4508.0003
MFN4508.0004
MFN4609.0006
MFN4609.0008
MFN4609.0010
MFN4611.0025
MFN4611.0026
MFN4612.0156
MFN4612.0157
MFN4617.0103
MFN4617.0104
MFN4617.0106
MFN4617.0107
MFN4617.0108
MFN4617.0120
MFN4617.0143
MFN4631.0012
MFN4634.0006
MFN4634.0007
MFN4700.0145
MFN4700.0227
MFN4700.0255
MFN4700.0264
MFN4700.0272
MFN4700.0276
MFN4700.0277
MFN4704.0043
MFN4704.0044
MFN4710.0010
MFN4710.0012
MFN4714.0017
MFN4714.0032
MFN4714.0046
MFN4714.0047
MFN4805.0004
MFN4806.0013
MFN8000.0014
MFN8000.0015
MFN8008.0010
MFN8105.0004
MFN8105.0005
MFN8216.0005
MFN8216.0040
MFN8216.0045
MFN8216.0047
MFN8216.0048
MFN8220.0016
MFN8220.0018
MFN8220.0019
MFN8220.0020
MFN8226.0031
MFN8226.0032
MFN8228.0055
MFN8511.4010
MFN8511.4012
MFN8511.6016
MFN8512.3005
MFN8512.5025
MFN8534.3513
MFN8570.3008
MFN8570.4008
MFN8577.5008
MFN8583.3209
MFN8583.4309
MFN8583.5310
MFN8583.5320
MFN8584.1328
MFN8586.5109
MFN8587.6111
MFN8601.0006
P242157
PER-HOUS.IN.2
PREPAY RECEIVED
PREPAYMENT 100%
PREPAYMENT 30%
R5506000081
R7210012873
R903887-001
R9210016449
R9210122168
R9210122169
RSH949914-006
RW-CZ-D1613029
RW-CZ-D1724313
SERVICE KIT
TBZ01907
TL126
TL436
TL440
TL448
TL454
TLM43692
TLO1329100
TLO1329201
TLO1329600
TLO1355331
TLO1477700
TLO20682
TLO20853
TLO24826
TLO27271
TLO64931
TLP33921
TLR39720
TLR59544
TLS43684
TLS43708
TLV35785
TLV38460
TLZ40905
TLZ50419
TRM-DIS
TRM-DIS-0000003
TRM-DIS-0000013
TRM-DIS-0000021
TRM-DIS-0000027
TRM-DIS-0000106
TRM-DIS-0000153
TRM-DIS-0000162
TRM-DIS-0000184
TRM-DIS-0000207
TRM-DIS-0000216
TRM-DIS-0000250
TRM-DIS-0000257
TRM-DIS-0000259
TRM-DIS-0000261
TRM-DIS-0000263
TRM-DIS-0000264
TRM-DIS-0000266
TRM-DIS-0000268
TRM-DIS-0000270
TRM-DIS-0000272
TRM-DIS-0000274
TRM-DIS-0000276
TRM-DIS-0000278
TRM-DIS-0000280
TRM-DIS-0000282
TRM-DIS-0000284
TRM-DIS-0000286
TRM-DIS-0000288
TRM-DIS-0000290
TRM-DIS-0000292
TRM-DIS-0000294
TRM-DIS-0000295
TRM-DIS-0000296
TRM-DIS-0000297
TRM-DIS-0000298
TRM-DIS-0000299
TRM-DIS-0000300
TRM-DIS-0000301
TRM-DIS-0000303
TRM-DIS-0000305
TRM-DIS-0000306
TRM-DIS-0000307
TRM-DIS-0000309
TRM-DIS-0000312
TRM-DIS-0000313
TRM-DIS-0000314
TRM-DIS-0000316
TRM-DIS-0000317
TRM-DIS-0000318
TRM-DIS-0000320
TRM-DIS-0000321
TRM-DIS-0000322
TRM-DIS-0000328
TRM-DIS-0000329
TRM-DIS-0000330
TRM-DIS-0000338
TRM-DIS-0000340
TRM-DIS-0000343
TRM-DIS-0000344
TRM-DIS-0000346
TRM-DIS-0000352
TRM-DIS-0000362
TRM-DIS-0000365
TRM-DIS-0000366
TRM-DIS-0000368
TRM-DIS-0000369
TRM-DIS-0000370
TRM-DIS-0000372
TRM-DIS-0000374
TRM-DIS-0000375
TRM-DIS-0000378
TRM-DIS-0000380
TRM-DIS-0000381
TRM-DIS-0000382
TRM-DIS-0000387
TRM-DIS-0000388
TRM-DIS-0000389
TRM-DIS-0000393
TRM-DIS-0000394
TRM-DIS-0000395
TRM-DIS-0000397
TRM-DIS-0000399
TRM-DIS-0000400
TRM-DIS-0000402
TRM-DIS-0000403
TRM-DIS-0000406
TRM-DIS-0000407
TRM-DIS-0000414
TRM-DIS-0000415
TRM-DIS-0000419
TRM-DIS-0000420
TRM-DIS-0000421
TRM-DIS-0000422
TRM-DIS-0000423
TRM-DIS-0000426
TRM-DIS-0000427
TRM-DIS-0000429
TRM-DIS-0000430
TRM-DIS-0000432
TRM-DIS-0000435
TRM-DIS-0000436
TRM-DIS-0000437
TRM-DIS-0000438
TRM-DIS-0000440
TRM-DIS-0000441
TRM-DIS-0000442
TRM-DIS-0000443
TRM-DIS-0000444
TRM-DIS-0000447
TRM-DIS-0000448
TRM-DIS-0000449
TRM-DIS-0000450
TRM-DIS-0000451
TRM-DIS-0000452
TRM-DIS-0000454
TRM-DIS-0000457
TRM-DIS-0000458
TRM-DIS-0000459
TRM-DIS-0000462
TRM-DIS-0000464
TRM-DIS-0000465
TRM-DIS-0000466
TRM-DIS-0000467
TRM-DIS-0000469
TRM-DIS-0000470
TRM-DIS-0000471
TRM-DIS-0000473
TRM-DIS-0000474
TRM-DIS-0000475
TRM-DIS-0000477
TRM-DIS-0000478
TRM-DIS-0000479
TRM-DIS-0000481
TRM-DIS-0000482
TRM-DIS-0000483
TRM-DIS-0000485
TRM-DIS-0000486
TRM-DIS-0000487
TRM-DIS-0000488
TRM-DIS-0000489
TRM-DIS-0000491
TRM-DIS-0000492
TRM-DIS-0000494
TRM-DIS-0000496
TRM-DIS-0000502
TRM-DIS-0000507
TRM-DIS-0000509
TRM-DIS-0000512
TRM-DIS-0000513
TRM-DIS-0000514
TRM-DIS-0000516
TRM-DIS-0000518
TRM-DIS-0000519
TRM-DIS-0000520
TRM-DIS-0000521
TRM-DIS-0000523
TRM-DIS-0000524
TRM-DIS-0000525
TRM-DIS-0000526
TRM-DIS-0000527
TRM-DIS-0000529
TRM-DIS-0000530
TRM-DIS-0000531
TRM-DIS-0000533
TRM-DIS-0000535
TRM-DIS-0000536
TRM-DIS-0000537
TRM-DIS-0000538
TRM-DIS-0000540
TRM-DIS-0000541
TRM-DIS-0000542
TRM-DIS-0000544
TRM-DIS-0000545
TRM-DIS-0000546
TRM-DIS-0000547
TRM-DIS-0000548
TRM-DIS-0000566
TRM-DIS-0000577
TRM-DIS-0000598
TRM-DIS-0000610
TRM-DIS-0000620
TRM-DIS-0000631
TRM-DIS-0000643
TRM-DIS-0000646
TRM-DIS-0000648
TRM-DIS-0000662
TRM-DIS-0000669
TRM-DIS-0000671
TRM-DIS-0000676
TRM-DIS-0000679
TRM-DIS-0000684
TRM-PRE
TRM-PRE-0000004
TRM-PRE-0000005
TRM-PRE-0000009
TRM-PRE-0000010
TRM-PRE-0000011
TRM-PRE-0000012
TRM-PRE-0000014
TRM-PRE-0000015
TRM-PRE-0000016
TRM-PRE-0000017
TRM-PRE-0000018
TRM-PRE-0000019
TRM-PRE-0000020
TRM-PRE-0000022
TRM-PRE-0000023
TRM-PRE-0000026
TRM-PRE-0000028
TRM-PRE-0000029
TRM-PRE-0000030
TRM-PRE-0000031
TRM-PRE-0000032
TRM-PRE-0000033
TRM-PRE-0000034
TRM-PRE-0000035
TRM-PRE-0000036
TRM-PRE-0000037
TRM-PRE-0000038
TRM-PRE-0000040
TRM-PRE-0000041
TRM-PRE-0000042
TRM-PRE-0000043
TRM-PRE-0000044
TRM-PRE-0000045
TRM-PRE-0000046
TRM-PRE-0000047
TRM-PRE-0000048
TRM-PRE-0000049
TRM-PRE-0000050
TRM-PRE-0000051
TRM-PRE-0000052
TRM-PRE-0000053
TRM-PRE-0000054
TRM-PRE-0000055
TRM-PRE-0000057
TRM-PRE-0000058
TRM-PRE-0000060
TRM-PRE-0000061
TRM-PRE-0000062
TRM-PRE-0000063
TRM-PRE-0000065
TRM-PRE-0000066
TRM-PRE-0000067
TRM-PRE-0000068
TRM-PRE-0000069
TRM-PRE-0000070
TRM-PRE-0000071
TRM-PRE-0000072
TRM-PRE-0000073
TRM-PRE-0000074
TRM-PRE-0000075
TRM-PRE-0000076
TRM-PRE-0000077
TRM-PRE-0000078
TRM-PRE-0000079
TRM-PRE-0000080
TRM-PRE-0000081
TRM-PRE-0000082
TRM-PRE-0000083
TRM-PRE-0000084
TRM-PRE-0000085
TRM-PRE-0000086
TRM-PRE-0000087
TRM-PRE-0000088
TRM-PRE-0000090
TRM-PRE-0000091
TRM-PRE-0000092
TRM-PRE-0000093
TRM-PRE-0000094
TRM-PRE-0000095
TRM-PRE-0000096
TRM-PRE-0000097
TRM-PRE-0000098
TRM-PRE-0000101
TRM-PRE-0000102
TRM-PRE-0000103
TRM-PRE-0000104
TRM-PRE-0000107
TRM-PRE-0000113
TRM-PRE-0000114
TRM-PRE-0000115
TRM-PRE-0000116
TRM-PRE-0000117
TRM-PRE-0000118
TRM-PRE-0000119
TRM-PRE-0000122
TRM-PRE-0000124
TRM-PRE-0000125
TRM-PRE-0000126
TRM-PRE-0000127
TRM-PRE-0000130
TRM-PRE-0000131
TRM-PRE-0000132
TRM-PRE-0000133
TRM-PRE-0000134
TRM-PRE-0000135
TRM-PRE-0000137
TRM-PRE-0000138
TRM-PRE-0000139
TRM-PRE-0000141
TRM-PRE-0000142
TRM-PRE-0000143
TRM-PRE-0000145
TRM-PRE-0000147
TRM-PRE-0000148
TRM-PRE-0000149
TRM-PRE-0000150
TRM-PRE-0000151
TRM-PRE-0000152
TRM-PRE-0000154
TRM-PRE-0000155
TRM-PRE-0000157
TRM-PRE-0000158
TRM-PRE-0000160
TRM-PRE-0000161
TRM-PRE-0000163
TRM-PRE-0000164
TRM-PRE-0000165
TRM-PRE-0000166
TRM-PRE-0000167
TRM-PRE-0000168
TRM-PRE-0000169
TRM-PRE-0000171
TRM-PRE-0000172
TRM-PRE-0000173
TRM-PRE-0000174
TRM-PRE-0000175
TRM-PRE-0000176
TRM-PRE-0000177
TRM-PRE-0000178
TRM-PRE-0000179
TRM-PRE-0000180
TRM-PRE-0000182
TRM-PRE-0000185
TRM-PRE-0000187
TRM-PRE-0000188
TRM-PRE-0000189
TRM-PRE-0000190
TRM-PRE-0000191
TRM-PRE-0000192
TRM-PRE-0000193
TRM-PRE-0000194
TRM-PRE-0000195
TRM-PRE-0000196
TRM-PRE-0000197
TRM-PRE-0000198
TRM-PRE-0000199
TRM-PRE-0000200
TRM-PRE-0000201
TRM-PRE-0000202
TRM-PRE-0000203
TRM-PRE-0000204
TRM-PRE-0000205
TRM-PRE-0000206
TRM-PRE-0000208
TRM-PRE-0000209
TRM-PRE-0000210
TRM-PRE-0000213
TRM-PRE-0000214
TRM-PRE-0000215
TRM-PRE-0000217
TRM-PRE-0000218
TRM-PRE-0000219
TRM-PRE-0000220
TRM-PRE-0000221
TRM-PRE-0000222
TRM-PRE-0000223
TRM-PRE-0000224
TRM-PRE-0000225
TRM-PRE-0000227
TRM-PRE-0000228
TRM-PRE-0000229
TRM-PRE-0000230
TRM-PRE-0000231
TRM-PRE-0000232
TRM-PRE-0000233
TRM-PRE-0000234
TRM-PRE-0000235
TRM-PRE-0000236
TRM-PRE-0000237
TRM-PRE-0000238
TRM-PRE-0000239
TRM-PRE-0000240
TRM-PRE-0000241
TRM-PRE-0000244
TRM-PRE-0000246
TRM-PRE-0000247
TRM-PRE-0000248
TRM-PRE-0000249
TRM-PRE-0000251
TRM-PRE-0000252
TRM-PRE-0000253
TRM-PRE-0000254
TRM-PRE-0000255
TRM-PRE-0000256
TRM-PRE-0000302
TRM-PRE-0000304
TRM-PRE-0000310
TRM-PRE-0000315
TRM-PRE-0000323
TRM-PRE-0000324
TRM-PRE-0000326
TRM-PRE-0000327
TRM-PRE-0000331
TRM-PRE-0000332
TRM-PRE-0000335
TRM-PRE-0000336
TRM-PRE-0000337
TRM-PRE-0000339
TRM-PRE-0000341
TRM-PRE-0000342
TRM-PRE-0000345
TRM-PRE-0000347
TRM-PRE-0000351
TRM-PRE-0000353
TRM-PRE-0000354
TRM-PRE-0000359
TRM-PRE-0000360
TRM-PRE-0000361
TRM-PRE-0000363
TRM-PRE-0000367
TRM-PRE-0000373
TRM-PRE-0000376
TRM-PRE-0000377
TRM-PRE-0000379
TRM-PRE-0000384
TRM-PRE-0000390
TRM-PRE-0000391
TRM-PRE-0000392
TRM-PRE-0000396
TRM-PRE-0000398
TRM-PRE-0000401
TRM-PRE-0000404
TRM-PRE-0000405
TRM-PRE-0000412
TRM-PRE-0000413
TRM-PRE-0000416
TRM-PRE-0000417
TRM-PRE-0000418
TRM-PRE-0000424
TRM-PRE-0000425
TRM-PRE-0000431
TRM-PRE-0000434
TRM-PRE-0000439
TRM-PRE-0000446
TRM-PRE-0000453
TRM-PRE-0000455
TRM-PRE-0000456
TRM-PRE-0000460
TRM-PRE-0000463
TRM-PRE-0000468
TRM-PRE-0000472
TRM-PRE-0000476
TRM-PRE-0000480
TRM-PRE-0000484
TRM-PRE-0000495
TRM-PRE-0000497
TRM-PRE-0000503
TRM-PRE-0000508
TRM-PRE-0000510
TRM-PRE-0000515
TRM-PRE-0000517
TRM-PRE-0000528
TRM-PRE-0000532
TRM-PRE-0000534
TRM-PRE-0000549
TRM-PRE-0000550
TRM-PRE-0000551
TRM-PRE-0000552
TRM-PRE-0000553
TRM-PRE-0000555
TRM-PRE-0000557
TRM-PRE-0000558
TRM-PRE-0000559
TRM-PRE-0000561
TRM-PRE-0000562
TRM-PRE-0000563
TRM-PRE-0000564
TRM-PRE-0000565
TRM-PRE-0000567
TRM-PRE-0000568
TRM-PRE-0000573
TRM-PRE-0000574
TRM-PRE-0000575
TRM-PRE-0000576
TRM-PRE-0000578
TRM-PRE-0000579
TRM-PRE-0000580
TRM-PRE-0000581
TRM-PRE-0000587
TRM-PRE-0000588
TRM-PRE-0000589
TRM-PRE-0000590
TRM-PRE-0000591
TRM-PRE-0000593
TRM-PRE-0000594
TRM-PRE-0000595
TRM-PRE-0000596
TRM-PRE-0000597
TRM-PRE-0000599
TRM-PRE-0000600
TRM-PRE-0000601
TRM-PRE-0000602
TRM-PRE-0000603
TRM-PRE-0000604
TRM-PRE-0000605
TRM-PRE-0000606
TRM-PRE-0000607
TRM-PRE-0000609
TRM-PRE-0000611
TRM-PRE-0000612
TRM-PRE-0000613
TRM-PRE-0000614
TRM-PRE-0000615
TRM-PRE-0000616
TRM-PRE-0000618
TRM-PRE-0000621
TRM-PRE-0000622
TRM-PRE-0000623
TRM-PRE-0000624
TRM-PRE-0000625
TRM-PRE-0000626
TRM-PRE-0000627
TRM-PRE-0000628
TRM-PRE-0000629
TRM-PRE-0000630
TRM-PRE-0000632
TRM-PRE-0000633
TRM-PRE-0000647
TRM-PRE-0000649
TRM-PRE-0000650
TRM-PRE-0000651
TRM-PRE-0000652
TRM-PRE-0000653
TRM-PRE-0000654
TRM-PRE-0000655
TRM-PRE-0000656
TRM-PRE-0000657
TRM-PRE-0000658
TRM-PRE-0000659
TRM-PRE-0000660
TRM-PRE-0000661
TRM-PRE-0000663
TRM-PRE-0000664
TRM-PRE-0000665
TRM-PRE-0000666
TRM-PRE-0000667
TRM-PRE-0000668
TRM-PRE-0000670
TRM-PRE-0000672
TRM-PRE-0000673
TRM-PRE-0000674
TRM-PRE-0000678
TRM-PRE-0000680
TRM-PRE-0000681
TRM-PRE-0000682
TRM-PRE-0000683
TRM-PRE-0000685
TRM-PRE-0000686
TRM-PRE-0000687
TRM-PRE-0000688
TRM-PRE-0000689
TRM-PRE-0000690
TRM-PRE-0000691
TRM-PRE-0000692
TSO31032
TSO33030
TSO33122
TSTE90258486
TWEI90260843
TYPEPL D0951001
TYPEPL G0851067
TYPEPL G0851068
TYPEPL G0851069
TYPEPL G0851070
TYPEPL Q510
U959835-033
VRKITGS5
VRKITGSCENTURY
VRKITGSH
VRKITH1000
VRKITH2000
VRKITH4000
VRKITH5000
VRKITH6000
W8-1305017
W8-1305038
W8-1531169-R
W8-156979
W8-158844
W8-159717-R
W8-160530
W8-160535-C
W8-167437
W8-168712
W8-168875-C
W8-168885-C
W8-169096
W8-170774
W8-172130
W8-173275-R
W8-173337
W8-173453
W8-173474-R
W8-173990-C
W8-173990-R
W8-175509
W8-176578
W8-178279-R
W8-178375
W8-179694
W8-179805
W8-180400
W8-180404
W8-180405
W8-180406
W8-180407
W8-180408
W8-180409
W8-180410
W8-180411
W8-180414
W8-180415
W8-180417
W8-180419
W8-180421
W8-180430
W8-180432
W8-180435
W8-180436
W8-180441
W8-180447
W8-180448
W8-180451
W8-180456
W8-180458
W8-180459
W8-180462
W8-180463
W8-180474
W8-180840/008
W8-181111-C
W8-181111-R
W8-181630
W8-182218
W8-182408
W8-182410
W8-182412
W8-182420
W8-182478
W8-182508
W8-182512
W8-182526
W8-182564
W8-182565
W8-182569
W8-182570
W8-182582
W8-182589
W8-182590
W8-182592
W8-182593
W8-182594
W8-182597
W8-182599
W8-183505
W8-183602
W8-183603
W8-183604
W8-183605
W8-183610
W8-183631
W8-183705-R
W8-183706
W8-183707
W8-183708
W8-183709
W8-183714
W8-183715
W8-183716
W8-183717
W8-183718
W8-183720
W8-183721
W8-183723
W8-183724
W8-183725
W8-183735
W8-183736
W8-183737
W8-183743
W8-183745
W8-183760
W8-183761
W8-183790
W8-183933
W8-183934
W8-183935
W8-183936
W8-183946
W8-183949
W8-183990
W8-183993
W8-183995
W8-183997
W8-184000
W8-184001
W8-184051
W8-184228
W8-184230
W8-184235
W8-184236
W8-184239
W8-184244
W8-184255
W8-184256
W8-184257
W8-184425
W8-184434
W8-184460
W8-184479
W8-184482
W8-184483
W8-184490
W8-184491
W8-184508-C
W8-184508-R
W8-185221
W8-185551
W8-185552
W8-185553
W8-185554
W8-185555
W8-185556
W8-185557
W8-185559
W8-185560
W8-185561
W8-185562
W8-185565
W8-185566
W8-185567
W8-185568
W8-185569
W8-185570
W8-185571
W8-185574
W8-185575
W8-185578
W8-185579
W8-185588
W8-185589
W8-185590
W8-185591
W8-185592
W8-185594
W8-185595
W8-185711
W8-185712
W8-185721
W8-185722
W8-185800
W8-185801
W8-185802
W8-185803
W8-185806
W8-185809
W8-185810
W8-185811
W8-185812
W8-185813
W8-185814
W8-185815
W8-185816
W8-185817
W8-185818
W8-185819
W8-185820
W8-185829
W8-185905
W8-185906
W8-185907
W8-185928
W8-185929
W8-185930
W8-185932
W8-185933
W8-185934
W8-185935
W8-185946
W8-185948
W8-185949
W8-185951
W8-185954
W8-185955
W8-185956
W8-185958
W8-185961
W8-185962
W8-185964
W8-185965
W8-185966
W8-185967
W8-185968
W8-185970
W8-185976
W8-185977
W8-185980
W8-185981
W8-186179
W8-186182
W8-186243
W8-230577
W8-232147
W8-402445
W8-402666-R
W8-402756-C
W8-402926-R
W8-403148
W8-403151
W8-403200
W8-403200-C
W8-403202-C
W8-403284-C
W8-403372-C
W8-403372-R
W8-403406
W8-403459
W8-403460
W8-403717
W8-403748
W8-403787
W8-403788
W8-403813
W8-403817
W8-403827
W8-403828
W8-403830
W8-403842
W8-403865
W8-4169617-R
W8-450601
W8-452564
W8-453097
W8-453555
W8-453602
W8-453616
W8-453650
W8-453735-R
W8-453769
W8-453775
W8-453793
W8-454002
W8-454004
W8-454008-R
W8-454020
W8-CFC508010100
W8-CFC508099000
W8-IEA100013021
W8-IEA100013025
W8-IEA200011000
W8-IMA400015027
W8-KEA200012014
W8-KMA110013013
W8-KMA110013060
W8-KMA110013061
W8-PFB000050000
W8-PGDHC2090001
W8-PMB025020015
W8-PMB030020015
W8-PMB080020020
W8-PMB100010020
W8-POF010010100
W8-POF010010140
W8-POF010010200
W8-TLO26013
W8-TLO29763
W8-TLS53709
W8-TLS66266
W9000030
W9000035
W9000041
W9000042
W90_033-3577116
W90_040-3381287
W9100178
W9100179
W9100180
W9100181
W9100182
W9100183
W9100184
W9100185
W9100186
W9100187
W9100188
W9100189
W9100190
W9100191
W9100192
W9100193
W9100280
W9100281
W9100520
W9101008
W9101009
W9101016
W9101017
W9101082
W9101195
W9101200
W9101295
W9101296
W9101297
W9101298
W9101303
W9101304
W9101305
W9101306
W9101313
W9101314
W9101315
W9101316
W9101317
W9101318
W9101319
W9101320
W9101321
W9101322
W9101323
W9101324
W9101325
W9101326
W9101327
W9101328
W9101329
W9101330
W9101331
W9101332
W9101333
W9101334
W9101335
W9101336
W9101559
W9101560
W9101561
W9101562
W9101563
W9101564
W9101565
W9101567
W9101569
W9101571
W9101572
W9101573
W9101574
W9101575
W9101576
W9101577
W9101579
W9101581
W9101583
W9101584
W9101585
W9101586
W9101587
W9101588
W9101589
W9101591
W9101593
W9102316
W9102319
W9102320
W9102323
W9102326
W9102328
W9102329
W9102331
W9102333
W9102335
W9102338
W9102341
W9102343
W9102345
W9102347
W9102350
W9102351
W9102354
W9102355
W9102358
W9102364
W9102366
W9102367
W9102369
W9102371
W9102373
W9102376
W9102379
W9102381
W9102383
W9102386
W9102389
W9102392
W9102397
W9102443
W9102446
W9102447
W9102451
W9102452
W9102461
W9102462
W9102497
W9102498
W9102499
W9102500
W9102501
W9102502
W9102503
W9102504
W9102505
W9102506
W9102507
W9102508
W9102589
W9102886
W9102887
W9102888
W9102889
W9102890
W9102891
W9102892
W9102893
W9102894
W9102899
W9102904
W9102921
W9102922
W9102923
W9102924
W9102925
W9102926
W9103121
W9103122
W9103123
W9103124
W9103125
W9103126
W9103127
W9103128
W9103129
W9103130
W9103131
W9103132
W9103133
W9103134
W9103135
W9103136
W9103137
W9103138
W9103139
W9103140
W9103141
W9103142
W9103143
W9103144
W9103145
W9103146
W9103147
W9103148
W9103149
W9103150
W9103151
W9103152
W9103153
W9103154
W9103155
W9103156
W9103157
W9103158
W9103159
W9103160
W9103161
W9103162
W9103163
W9103164
W9103165
W9103166
W9103167
W9103168
W9103169
W9103170
W9103183
W9103184
W9103185
W9103192
W9103193
W9103194
W9103209
W9103210
W9103217
W9103218
W9103219
W9103220
W9103221
W9103222
W9103223
W9103224
W9103225
W9103226
W9103227
W9103228
W9103229
W9103230
W9103231
W9103232
W9103256
W9103257
W9103258
W9103259
W9103260
W9103261
W9103290
W9103344
W9103345
W9103412
W9103413
W9103574
W9103589
W9103595
W9103596
W9103597
W9103598
W9103599
W9103600
W9103601
W9103658
W9103659
W9103660
W9103661
W9103691
W9103781
W9103782
W9103783
W9103784
W9103785
W9103786
W9103929
W9103963
W9104013
W9104015
W9104028
W9104029
W9104030
W9104031
W9104032
W9104104
W9104105
W9104110
W9104114
W9104115
W9104116
W9104126
W9104137
W9104157
W9104158
W9104159
W9104160
W9104161
W9104162
W9104163
W9104164
W9104165
W9104166
W9104167
W9104168
W9104169
W9104170
W9104171
W9104172
W9104173
W9104174
W9104175
W9104176
W9104177
W9104178
W9104179
W9104180
W9104181
W9104182
W9104183
W9104184
W9104185
W9104186
W9104187
W9104188
W9104189
W9104190
W9104191
W9104192
W9104193
W9104194
W9104195
W9104196
W9104197
W9104198
W9104199
W9104200
W9104201
W9104202
W9104203
W9104204
W9104205
W9104206
W9104207
W9104208
W9104209
W9104210
W9104211
W9104212
W9104213
W9104214
W9104215
W9104216
W9104217
W9104218
W9104220
W9104222
W9104224
W9104225
W9104226
W9104227
W9104228
W9104229
W9104230
W9104232
W9104234
W9104236
W9104237
W9104238
W9104239
W9104286
W9104505
W9104506
W9104507
W9104508
W9104509
W9104510
W9104511
W9104512
W9104513
W9104514
W9104515
W9104516
W9104517
W9104518
W9104519
W9104520
W9104521
W9104522
W9104523
W9104524
W9104840
W9105108
W9105109
W9105281
W9105282
W9105283
W9105286
W9105287
W9105288
W9105289
W9105290
W9105291
W9105292
W9105293
W9105294
W9105295
W9105296
W9105297
W9105298
W9105299
W9105301
W9105302
W9105303
W9105306
W9105309
W9105311
W9105318
W9105319
W9105320
W9105321
W9105322
W9105323
W9105613
W9105764-0001
W9105764-0002
W9105764-0003
W9105769-0001
W9105769-0002
W9105769-0003
W9105770
W9105771-0001
W9105771-0002
W9105771-0003
W9105934
W9105945
W9105946
W9105947
W9105951
W9106146
W9106151
W9106153
W9106268
W9106275
W9106276
W9106277
W9106278
W9106279
W9106281
W9106286
W9106287
W9106288
W9106290
W9106291
W9106292
W9106303
W9106304
W9106305
W9106306
W9106307
W9106308
W9106309
W9106310
W9106312
W9106313
W9106314
W9106466
W9106471
W9106472
W9106473
W9106495
W9106497
W9106651
W9106652
W9106653
W9106654
W9106692
W9106821
W9106875
W9106950
W9106951
W9107065
W9107066
W9107067
WB000217-0001
WB000260-0001
WB000334-0003
WB000346-0002
WC104643
WC111496
WC111836
WC111837
WD000083
WD000903
WD000904
WE000455
WE000462
WE000473
WE000625
WE000704
WE000708
WE000727
WE000930
WE001146-0001
WM000243
WM000335
WM000415
WM000473
WM000507
WM000508
WM000517
WM000518
WM000634
WM000686
WM000751
WM001084
WM001099
WM001103
WM001373
WM001374
WM001378
WM001455
WM001585
WM001700
WM001836
WM001845-0002-C
WM001846-0002-R
WM001893
WM001908-0001-C
WM001908-0001-M
WM001908-0001-R
WM001908-0002-C
WM001908-0002-M
WM001908-0002-R
WM001908-0005-C
WM001908-0005-M
WM001908-0005-R
WM001908-0006-C
WM001908-0006-R
WM001954-0010
WM001973-0001
WM001973-0002
WM002001
WM002002
WM002016-0001
WM002081
WM002083-0005
WM002152-0002
WM002220
WM002234
WM002337-0001
WM002337-0004
WM002393-0002
WM002393-0013
WM002726
WM003111-0002
WM003111-0004
WM003113-0035
WM003113-0074
WM003113-0092
WM003113-0199
WM003113-0213
WM003113-0328
WM003113-0359
WM003113-0505
WM003113-0547
WM003113-0548
WM003113-0646
WM003113-0661
WM003113-0662
WM003113-0694
WM003118-0007
WM003118-0009
WM003370
WM003439
WM003703
WM004230
WM004305
WM004532
WM004654
WM004764-0002
WM004921
WM004922
WM005155-0008
WM005175
WM005357
WM007104-0006
WM007180-0002
WM007545-0001
WM007979
WM008080
WM008080-C
WM008080-M
WM008080-R
WM008102
WM008279-0002
WM008344-0272
WM008344-0273
WM008344-0274
WM008344-0275
WM008344-0276
WM008344-0277
WM008412-DEC001
WM008429-0001
WM008429-0002
WM008554
WM008672
WM008883
WM008995
WM009287
WM009864
WM010372
WM010394
WM010462
WM010464
WM010622-0006
WM010634-0002
WM010802-0001
WM011076
WM011531-0001
WM012244
WM012853
WM012987
WM013995
WM014244-0002
WM014258-0002
WM014751
WM014758
WM014968-0237
WM014968-0251
WM014968-0252
WM014968-0253
WM014968-0254
WM014979
WM015004
WM015939
WM016394-0001
WM016474
WM016503
WM016682
WM016723
WM016727
WM016741
WM016746
WM016868
WM016979
WM017290-0001
WM017317
WM017620
WM017622
WM017626-0001
WM018040
WM018475
WM019233
WM019518
WM019528
WM019550
WM019551
WM019904
WM019951
WM020553-0002
WM020553-0004
WM020553-0011
WM020649-0001
WM020660-0003
WM020675-0011
WM021982
WM022914
WM022919
WM022921-0008-R
WM022940-C
WM022953-0004
WM022953-0008
WM023165
WM023456
WM023728-C
WM023899
WM024473-0004
WM024544
WM024622
WM024742-0001
WM024996
WM025395-0001
WM025444
WM025463
WM025564
WM025791-0003
WM025818-0003
WM026217-0015
WM026217-0016
WM026217-0017
WM026217-0019
WM026220-0006
WM026338-0001
WM026338-0002
WM026471-0021
WM026770
WM027969-0001
WM028025-0004
WM028347-0001
WM028375
WM028885
WM028887
WM028891
WM029082-0007
WM029665
WM029670
WM029678
WM029717-0001
WM029845-0003
WM029907-0001
WM029991
WM030053-0020
WM030053-0035
WM030053-0048
WM030053-0053
WM030055-0020
WM030055-0023
WM030055-0035
WM030055-0049
WM030056-0009
WM030056-0017
WM030056-0027
WM030056-0051
WM030056-0055
WM030057-0007
WM030057-0009
WM030057-0015
WM030057-0016
WM030057-0027
WM030057-0051
WM030059-0054
WM030062-0029
WM030422-0001
WM030629-0001
WM030664-0001
WM031036-0001
WM031175
WM031219
WM031334
WM031366
WM031488-0003
WM031489-0003
WM032150-0001
WM032328
WM032332-0003
WM032374-0001
WM032374-0002
WM032374-0003
WM032398-0001
WM032471
WM032471-C
WM032471-R
WM032794
WM032865
WM033172
WM034334-0003
WM034360-0001
WM034360-0003
WM034368-0001
WM034368-0002
WM034724-0001
WM036043
WM036045
WM036062-0001
WM036263
WM036272
WM036281
WM036371
WM036636-0003
WM036924
WM036988-0002
WM036988-0003
WM037200
WM037380
WM037437
WM037450-0001
WM037458-0001
WM037470-0001
WM037511-0001
WM037541
WM037840
WM038013
WM038016
WM038123
WM038133-0004
WM038192
WM038270
WM039368
WM040140
WM040344
WM040483
WM040584
WM040611
WM040771
WM041194-0003
WM041251
WM041475
WM041577
WM041614
WM041660
WM041685
WM041888
WM041976
WM041978
WM042084
WM042183
WM042414
WM042800
WM042801
WM042815
WM042897-0001
WM042964
WM043431-0001
WM043431-0002
WM043708
WM043715-0002
WM043719-0001
WM044068-0003
WM044484
WM044576-0013
WM044576-0015
WM044749
WM044870-0001
WM044873-0001
WM044877
WM044878
WM044922
WM044945-C
WM044945-R
WM044946-C
WM044946-R
WM045016-0003
WM045016-0006
WM045080
WM045109-0003
WM045180
WM045181
WM045235
WM045430
WM045472
WM045484-0002
WM045487-0001
WM045522-0001
WM045650
WM045893-0001
WM045898-0001
WM045938
WM046358
WM046359
WM046400-0001
WM046510
WM046522-0221
WM046559-0005
WM046775-0003
WM046775-0013
WM046777-0003
WM046777-0005
WM046919-0016
WM046919-0017
WM046919-0098
WM046919-0292
WM046919-0325
WM046919-0383
WM046919-R100
WM046948-0120
WM046948-0121
WM046960-0007
WM047019-R018
WM047019-Y092
WM047493-0001
WM047521-0027
WM047521-0039
WM047773-0001
WM048502
WM048659
WM048660
WM048721-0001
WM048721-0002
WM048721-0003
WM048721-0004
WM048721-0005
WM048721-0006
WM048721-0007
WM048721-0008
WM048721-0009
WM048853-0001
WM048879-0001
WM049264-A040
WM049291-0001
WM049422-0002
WM049627
WM049752-0039
WM049752-0040
WM049752-0056
WM049752-0095
WM049752-0104
WM049752-0105
WM049752-0106
WM049752-0107
WM049752-0108
WM049752-0111
WM049752-0125
WM049752-0223
WM049777
WM049795-0006
WM049823-0025
WM049823-0032
WM050000
WM050077
WM050189-0002-C
WM050189-0002-R
WM050239
WM050268
WM050270
WM050274
WM050463
WM050692-0001-C
WM050692-0001-R
WM050844
WM051210
WM051851-F050
WM051896
WM051899
WM052472
WM052474
WM052498-F105
WM052512-F105
WM052612-F105
WM052703-F105
WM052828
WM052833-0001
WM052833-0002
WM052945
WM052978-0001
WM052978-0002
WM053086-0062
WM053086-0118
WM053086-0130
WM053086-0138
WM053086-0144
WM053086-R101
WM053086-Y103
WM053121
WM053123
WM053125
WM053297
WM053370
WM053372
WM053402-0009
WM053402-0010
WM053402-0011
WM053402-0012
WM053402-0016
WM053850
WM053853
WM053878-A040
WM054205
WM054209
WM054622-0012
WM054622-0020
WM054622-0138
WM054622-0143
WM054622-0224
WM054622-0226
WM054622-0227
WM054622-0228
WM054622-0253
WM054622-0254
WM054622-0256
WM054622-0329
WM054622-0330
WM054622-0379
WM054622-0380
WM054622-0414
WM054622-0429
WM054622-0430
WM054622-0520
WM054622-0598
WM054622-0611
WM054622-0614
WM054622-0615
WM054622-0619
WM054969-F105
WM055095
WM055471
WM055483
WM055947
WM056294-0001
WM056736
WM057031
WM057340-F105
WM057379-0006
WM057706
WM057755
WM057758
WM057776
WM057794
WM057799
WM057898-0001
WM057898-0002
WM058145
WM058196-0002
WM058196-0003
WM058273-F109
WM058321
WM058334
WM058690-0001
WM058825
WM058913-F105
WM058959
WM059185
WM059227
WM059248
WM059250
WM059459
WM059473
WM059719-0018
WM059789-0001
WM059930-0002
WM060089
WM060132-F105
WM060589
WM060750
WM060839-F105
WM060908
WM060969-A040
WM061026-F109
WM061496
WM061622-F050
WM062347-F050
WM062504-0002
WM062504-0004
WM062849-0018
WM062849-0019
WM062849-0023
WM063062-F105
WM063190-0016
WM063248
WM063289
WM063385
WM063432-0004
WM063565
WM063705-0003
WM063789-0005
WM064074-0084
WM064074-0085
WM064074-0086
WM064074-0087
WM064074-0088
WM064074-0089
WM064074-0090
WM064074-0091
WM064074-0124
WM064074-0125
WM064074-0127
WM064074-0128
WM064074-0147
WM064206
WM064210
WM064230-0002
WM064514-0001
WM064514-0002
WM064769-0001
WM064769-0002
WM064773-0001
WM064896-F105
WM064933-0009
WM064944-0001
WM064944-0002
WM065233-0007
WM065483-0001
WM066123-F105
WM066369-0001
WM066372
WM066505
WM066555
WM066709
WM066711
WM067369
WM067374
WM067375
WM067380
WM067646
WM067717-0001
WM067866
WM068003-0001
WM068988-0001
WM070538
WM071553-0001
WM077534-0001
WR000252-0004
WR000252-0012
WR000353-0002
WR001506-0079
WR002070
WR002273-0001
WR002621-0019
WT000336
WT001054
WT001716
WT002322
WT002360
WT002757-0001
WT002837-0002
WT002997
WT007302-0004
WT007970-0003
WT008189
WT008199
WT008223
WT008225
WT008266
WT008267
WT008277
WT009765-0001
WT009765-0002
WT009780-0001
WT009785-0001
WT009786
WT009788
WT009816
WT009866
WT010538
WT010549
WT010993
WU000813
WU000998
WU000998-C
WU000998-R
WU001000
WU001006-0001-R
WU001813-0001
WU002986-0001
WU003013-0001
WU003228-0001-C
WU003228-0001-R
WU006648-0001-C
WU006648-0001-R
WU006648-0002-C
WU007563-0003
WU007624-0003
WU008034-0003
WU008035-0022
WU008039-0014
WU008039-0017
WU008205-0074
WU008205-W007
WU008514-0001
WU008617
WU009209-0001
WU009556-0001-C
WU009815-0026
WU009815-0027
WU009815-0104
WU010234
WU010291-0007
WU010535-0043
WU010536-0003
WU010536-0172
WU010536-0175
WU011955-0001-C
WU011955-0001-R
WU012595-0001-C
WU012698-0001-C
WU012737-0001
WU013785-0053
WU013785-0070
WU013976-0001
WU014000-0001
WU016302-C
WU017553
XMTSI:JB-SI
